A00 0.00 0.00 0.00 0.00 0.00 0.00 0.00 0.00 0.00 - Mat0
A01 0.10 0.10 0.10 0.10 0.10 0.10 0.10 0.10 0.10 - Mat1
A02 0.22 0.23 0.23 0.25 0.32 0.31 0.42 0.20 0.10 - Mat01
A03 0.03 0.03 0.03 0.04 0.10 0.19 0.35 0.35 0.35 - BlocoConcreto
A04 0.31 0.31 0.21 0.21 0.29 0.33 0.36 0.36 0.36 - Eucatex_Fibraroc_Fissurado
A05 0.30 0.30 0.20 0.21 0.26 0.28 0.30 0.30 0.30 - Eucatex_Fibraroc_PinPoint
A06 0.04 0.04 0.04 0.03 0.03 0.02 0.02 0.02 0.02 - Vidro_1
A07 0.03 0.03 0.03 0.04 0.10 0.19 0.35 0.35 0.35 - Tapete
A08 0.31 0.31 0.21 0.21 0.29 0.33 0.36 0.36 0.36 - Piso
A09 0.30 0.30 0.20 0.21 0.26 0.28 0.30 0.30 0.30 - Forro
A10 0.20 0.20 0.20 0.21 0.36 0.38 0.40 0.20 0.10 - Parede_1
A11 0.22 0.23 0.23 0.25 0.32 0.31 0.42 0.20 0.10 - Parede_2
A12 0.03 0.03 0.03 0.01 0.02 0.01 0.01 0.01 0.01 - Vidro_2